[array([0.373737, 0.232323]), array([0.818182, 0.979798]), array([0.172414, 0.206897, 0.206897]), array([0.448276, 0.413793, 0.37931 , 0.37931 ]), array([0.586207, 0.62069 , 1.      , 0.931034]), array([0.      , 0.655172, 0.103448, 0.931034, 0.275862]), array([0.014182, 0.276863, 0.738085, 0.05311 , 0.37586 , 0.79945 ]), array([0.053588, 0.199773, 0.0651  , 0.022307, 0.890284, 0.392617,
       0.053845, 0.582385])]
[array([0.989899, 0.767677]), array([0.707071, 0.10101 ]), array([0.862069, 0.137931, 0.655172]), array([0.413793, 0.413793, 0.344828, 0.413793]), array([0.894898, 0.105102, 0.894898, 0.894898]), array([0.517241, 0.310345, 0.517241, 0.862069, 0.103448]), array([0.016974, 0.324003, 0.154628, 0.172541, 0.388943, 0.758898]), array([0.076967, 0.216041, 0.229342, 0.023042, 0.977037, 0.446917,
       0.188639, 0.130387])]
[array([0.818182, 0.979798]), array([0.693605, 0.805808]), array([0.507468, 0.006386, 0.305268]), array([0.471861, 0.446201, 0.136768, 0.434511]), array([0.45264 , 0.433354, 0.202919, 0.441704]), array([0.493775, 0.266439, 0.665329, 1.      , 0.266425]), array([0.015145, 0.20482 , 0.115783, 0.977408, 0.415003, 0.770445]), array([0.054303, 0.023167, 0.046826, 0.146788, 0.98137 , 0.541223,
       0.235202, 0.585401])]
[array([0.871653, 0.585572]), array([0.688772, 0.849196]), array([0.589937, 0.603952, 0.435945]), array([0.571931, 1.      , 1.      , 0.      ]), array([0.0177  , 0.472569, 0.49207 , 0.597183]), array([0.48231 , 0.418871, 0.20131 , 0.981559, 0.      ]), array([0.036332, 0.920708, 0.509829, 0.218803, 0.361421, 0.8243  ]), array([0.229166, 0.133413, 0.151014, 0.018894, 0.960755, 0.438649,
       0.170407, 0.911107])]
[array([0.5, 0.5]), array([0.696738, 0.300878]), array([0.593114, 0.448446, 0.293211]), array([0.305616, 0.434746, 0.456803, 0.473341]), array([1.      , 0.      , 1.      , 0.965517]), array([0.241379, 0.310345, 0.689655, 0.931034, 0.103448]), array([0.020515, 0.735827, 0.008273, 0.047345, 0.254657, 0.980806]), array([0.066684, 0.029599, 0.012412, 0.855233, 0.692224, 0.676637,
       0.760723, 0.973119])]
[array([0.3, 0.2]), array([0.9, 0.5]), array([0.58787 , 0.097176, 0.615007]), array([0.413793, 0.413793, 0.37931 , 0.413793]), array([1., 1., 1., 1.]), array([1.      , 0.275862, 0.551724, 0.965517, 0.103448]), array([0.02296 , 0.309007, 0.044995, 0.22857 , 0.373746, 0.734246]), array([0.114264, 0.021028, 0.121483, 0.106097, 0.962154, 0.474473,
       0.186054, 0.683135])]
[array([0.431945, 0.336165]), array([0.694476, 1.      ]), array([1.      , 1.      , 0.845088]), array([0.163793, 0.163793, 0.12931 , 0.163793]), array([0., 0., 1., 1.]), array([0.767241, 0.560345, 0.767241, 1.      , 0.353448]), array([0.      , 0.059007, 0.      , 0.      , 0.123746, 0.484246]), array([0.      , 0.      , 0.      , 0.      , 0.712154, 0.224473,
       0.      , 0.433135])]